WEEK_NUMBER,ARTIST,PLAY_COUNT,LAST_YEAR_PLAY_COUNT,THIS_YEAR_PLAY_COUNT
1,aeon station,5,0,5
1,altın gün,3,3,0
1,arlo parks,2,0,2
1,arlo parks,3,3,0
1,bnny,1,1,0
1,built to spill,2,2,0
1,built to spill,5,0,5
1,chvrches,1,1,0
1,courtney barnett,5,0,5
1,crumb,1,0,1
1,curtis harding,8,0,8
1,deep sea diver,2,2,0
1,deep sea diver,3,0,3
1,drive‐by truckers,1,1,0
1,georgia anne muldrow,2,0,2
1,hurray for the riff raff,1,0,1
1,illuminati hotties,1,0,1
1,jason isbell,1,0,1
1,jungle,4,4,0
1,jungle,5,0,5
1,kaina,2,0,2
1,king gizzard and the lizard wizard,3,3,0
1,king gizzard and the lizard wizard,7,0,7
1,lady wray,1,1,0
1,lady wray,3,0,3
1,nada surf,1,1,0
1,nada surf,2,0,2
1,nilüfer yanya,2,2,0
1,nilüfer yanya,2,0,2
1,rochelle jordan,1,0,1
1,shaina shepherd,4,0,4
1,superchunk,2,0,2
1,the black angels,1,0,1
1,the black angels,1,1,0
1,widowspeak,4,0,4
2,!!!,1,0,1
2,aeon station,4,0,4
2,altın gün,1,0,1
2,altın gün,8,8,0
2,arlo parks,2,0,2
2,built to spill,2,0,2
2,charlotte adigéry and bolis pupul,1,1,0
2,courtney barnett,8,0,8
2,curtis harding,9,0,9
2,el shirota,6,0,6
2,georgia anne muldrow,4,0,4
2,hand habits,1,0,1
2,hurray for the riff raff,2,0,2
2,indigo de souza,1,0,1
2,jungle,1,1,0
2,jungle,4,0,4
2,kaina,3,0,3
2,king gizzard and the lizard wizard,2,2,0
2,king gizzard and the lizard wizard,3,0,3
2,lady wray,2,0,2
2,livt,1,1,0
2,lucius,1,1,0
2,lucius,3,0,3
2,nada surf,1,0,1
2,nilüfer yanya,1,1,0
2,nilüfer yanya,6,0,6
2,poliça,1,0,1
2,shaina shepherd,5,0,5
2,sleigh bells,1,1,0
2,sleigh bells,2,0,2
2,superchunk,1,0,1
2,the black angels,1,1,0
2,the lumineers,1,0,1
2,widowspeak,2,0,2
3,!!!,1,0,1
3,!!!,1,1,0
3,aeon station,1,0,1
3,altın gün,1,0,1
3,altın gün,8,8,0
3,arlo parks,1,0,1
3,arlo parks,10,10,0
3,built to spill,1,1,0
3,built to spill,2,0,2
3,calexico,2,2,0
3,charlotte adigéry and bolis pupul,1,1,0
3,courtney barnett,1,1,0
3,courtney barnett,4,0,4
3,crumb,3,3,0
3,curtis harding,3,3,0
3,curtis harding,7,0,7
3,deep sea diver,1,1,0
3,deep sea diver,2,0,2
3,dehd,1,1,0
3,el shirota,1,1,0
3,garage a trois,1,0,1
3,georgia anne muldrow,1,1,0
3,hurray for the riff raff,3,0,3
3,jungle,1,1,0
3,jungle,8,0,8
3,kaina,2,0,2
3,king gizzard and the lizard wizard,1,1,0
3,king gizzard and the lizard wizard,2,0,2
3,lady wray,1,1,0
3,lady wray,5,0,5
3,livt,3,3,0
3,lucius,5,0,5
3,nilüfer yanya,3,0,3
3,pom pom squad,1,1,0
3,shaina shepherd,2,0,2
3,sleigh bells,1,0,1
3,superchunk,3,0,3
3,wednesday,2,2,0
3,wednesday,2,0,2
3,widowspeak,1,0,1
4,!!!,2,0,2
4,aeon station,2,0,2
4,altın gün,2,0,2
4,altın gün,6,6,0
4,arlo parks,1,0,1
4,arlo parks,9,9,0
4,bnny,2,0,2
4,built to spill,6,0,6
4,built to spill,6,6,0
4,courtney barnett,1,0,1
4,crumb,1,0,1
4,curtis harding,1,1,0
4,curtis harding,2,0,2
4,deep sea diver,1,0,1
4,deep sea diver,2,2,0
4,denzel curry,2,0,2
4,el shirota,1,1,0
4,hurray for the riff raff,3,0,3
4,indigo de souza,3,0,3
4,jungle,2,2,0
4,jungle,3,0,3
4,kaina,2,0,2
4,king gizzard and the lizard wizard,3,0,3
4,king gizzard and the lizard wizard,3,3,0
4,lady wray,11,0,11
4,livt,1,1,0
4,lucius,6,0,6
4,nada surf,5,0,5
4,nilüfer yanya,1,1,0
4,nilüfer yanya,9,0,9
4,pom pom squad,1,1,0
4,rell be free,1,1,0
4,sleigh bells,5,0,5
4,superchunk,3,0,3
4,the black angels,2,2,0
4,wednesday,2,2,0
4,widowspeak,3,0,3
5,aeon station,2,0,2
5,altın gün,1,0,1
5,altın gün,5,5,0
5,arlo parks,7,7,0
5,arlo parks,16,0,16
5,built to spill,6,0,6
5,calexico,1,1,0
5,calexico,2,0,2
5,crumb,1,1,0
5,crumb,1,0,1
5,curtis harding,1,0,1
5,dakhabrakha,1,0,1
5,deep sea diver,1,1,0
5,denzel curry,1,0,1
5,denzel curry,1,1,0
5,georgia anne muldrow,1,0,1
5,georgia anne muldrow,1,1,0
5,hurray for the riff raff,1,0,1
5,jungle,2,2,0
5,jungle,3,0,3
5,king gizzard and the lizard wizard,2,0,2
5,lady wray,4,0,4
5,lucius,1,0,1
5,lucius,1,1,0
5,nilüfer yanya,6,0,6
5,poliça,2,0,2
5,pom pom squad,1,0,1
5,rvg,6,0,6
5,sleigh bells,1,0,1
5,superchunk,1,0,1
5,the black angels,2,2,0
5,ty segall and freedom band,4,0,4
5,widowspeak,2,0,2
5,yu su,1,1,0
6,!!!,1,1,0
6,aeon station,1,0,1
6,altın gün,8,8,0
6,arlo parks,4,4,0
6,arlo parks,7,0,7
6,barbi recanati,1,0,1
6,barbi recanati,2,2,0
6,bnny,1,0,1
6,built to spill,1,0,1
6,built to spill,4,4,0
6,calexico,1,0,1
6,calexico,3,3,0
6,courtney barnett,2,0,2
6,courtney barnett,2,2,0
6,curtis harding,3,0,3
6,deep sea diver,1,1,0
6,deep sea diver,4,0,4
6,denzel curry,3,0,3
6,el shirota,1,1,0
6,el shirota,1,0,1
6,hand habits,1,1,0
6,hand habits,2,0,2
6,hurray for the riff raff,4,0,4
6,indigo de souza,1,0,1
6,indigo de souza,4,4,0
6,jungle,1,0,1
6,jungle,3,3,0
6,kaina,3,0,3
6,king gizzard and the lizard wizard,1,1,0
6,king gizzard and the lizard wizard,3,0,3
6,lady wray,1,1,0
6,lady wray,7,0,7
6,lucius,4,0,4
6,nada surf,1,1,0
6,nilüfer yanya,1,1,0
6,nilüfer yanya,4,0,4
6,the lumineers,2,0,2
6,wednesday,2,2,0
6,widowspeak,1,0,1
7,!!!,2,0,2
7,altın gün,4,4,0
7,arlo parks,7,0,7
7,arlo parks,8,8,0
7,bnny,1,0,1
7,built to spill,2,0,2
7,built to spill,3,3,0
7,charlotte adigéry and bolis pupul,1,1,0
7,chvrches,1,1,0
7,courtney barnett,1,0,1
7,courtney barnett,1,1,0
7,crumb,1,0,1
7,curtis harding,1,1,0
7,curtis harding,3,0,3
7,dakhabrakha,1,1,0
7,deep sea diver,2,0,2
7,deep sea diver,2,2,0
7,dehd,6,0,6
7,denzel curry,1,1,0
7,denzel curry,8,0,8
7,el shirota,1,1,0
7,hand habits,4,0,4
7,hurray for the riff raff,1,0,1
7,indigo de souza,1,1,0
7,indigo de souza,1,0,1
7,jason isbell,1,0,1
7,jungle,1,1,0
7,jungle,2,0,2
7,king gizzard and the lizard wizard,2,2,0
7,king gizzard and the lizard wizard,3,0,3
7,lady wray,5,0,5
7,lucius,3,0,3
7,nilüfer yanya,5,0,5
7,shaina shepherd,5,0,5
7,sleigh bells,5,0,5
7,superchunk,3,0,3
7,the black angels,1,0,1
7,the halluci nation,1,1,0
7,the lumineers,4,0,4
7,tokyo police club,1,1,0
7,wednesday,1,1,0
7,widowspeak,1,0,1
7,widowspeak,1,1,0
7,ólafur arnalds,1,0,1
8,!!!,3,0,3
8,aeon station,1,0,1
8,altın gün,3,3,0
8,arlo parks,8,0,8
8,arlo parks,8,8,0
8,barbi recanati,1,0,1
8,bnny,5,0,5
8,built to spill,2,2,0
8,built to spill,3,0,3
8,chvrches,1,1,0
8,courtney barnett,1,0,1
8,curtis harding,1,1,0
8,curtis harding,2,0,2
8,dakhabrakha,4,0,4
8,deep sea diver,1,1,0
8,dehd,2,2,0
8,dehd,2,0,2
8,denzel curry,1,1,0
8,denzel curry,5,0,5
8,el shirota,1,1,0
8,georgia anne muldrow,1,0,1
8,georgia anne muldrow,2,2,0
8,hand habits,1,0,1
8,hand habits,1,1,0
8,hurray for the riff raff,6,0,6
8,illuminati hotties,3,0,3
8,indigo de souza,3,3,0
8,jungle,1,0,1
8,jungle,5,5,0
8,king gizzard and the lizard wizard,3,3,0
8,king gizzard and the lizard wizard,5,0,5
8,lady wray,1,1,0
8,lady wray,4,0,4
8,lucius,3,0,3
8,nada surf,2,2,0
8,nada surf,2,0,2
8,nilüfer yanya,2,2,0
8,nilüfer yanya,8,0,8
8,shaina shepherd,1,1,0
8,superchunk,2,0,2
8,the black angels,8,0,8
8,the lumineers,1,0,1
8,tokyo police club,1,0,1
8,wednesday,1,1,0
9,!!!,1,1,0
9,altın gün,2,0,2
9,altın gün,2,2,0
9,arlo parks,6,0,6
9,arlo parks,10,10,0
9,built to spill,2,2,0
9,built to spill,6,0,6
9,chvrches,2,2,0
9,courtney barnett,2,0,2
9,curtis harding,6,0,6
9,dakhabrakha,1,1,0
9,dakhabrakha,1,0,1
9,deep sea diver,3,0,3
9,dehd,1,1,0
9,el shirota,2,2,0
9,hurray for the riff raff,4,0,4
9,indigo de souza,1,1,0
9,indigo de souza,2,0,2
9,jason isbell,4,0,4
9,jungle,1,1,0
9,kaina,2,0,2
9,king gizzard and the lizard wizard,2,2,0
9,king gizzard and the lizard wizard,2,0,2
9,lady wray,6,0,6
9,lucius,4,0,4
9,nada surf,1,1,0
9,nada surf,2,0,2
9,nilüfer yanya,1,1,0
9,nilüfer yanya,13,0,13
9,poliça,2,0,2
9,rvg,1,0,1
9,shaina shepherd,2,2,0
9,sleigh bells,1,1,0
9,superchunk,1,1,0
9,superchunk,3,0,3
9,the black angels,1,0,1
9,wednesday,1,1,0
9,ólafur arnalds,1,0,1
10,altın gün,2,2,0
10,arlo parks,1,0,1
10,arlo parks,4,4,0
10,built to spill,3,0,3
10,built to spill,4,4,0
10,charlotte adigéry and bolis pupul,4,0,4
10,courtney barnett,1,0,1
10,courtney barnett,1,1,0
10,curtis harding,1,1,0
10,curtis harding,2,0,2
10,dakhabrakha,1,1,0
10,dakhabrakha,1,0,1
10,deep sea diver,2,2,0
10,dehd,1,1,0
10,dehd,3,0,3
10,denzel curry,1,0,1
10,georgia anne muldrow,3,3,0
10,hand habits,1,1,0
10,hurray for the riff raff,3,0,3
10,illuminati hotties,1,1,0
10,illuminati hotties,1,0,1
10,indigo de souza,6,6,0
10,jungle,2,2,0
10,jungle,2,0,2
10,king gizzard and the lizard wizard,1,1,0
10,lady wray,5,0,5
10,livt,1,0,1
10,nilüfer yanya,1,1,0
10,nilüfer yanya,6,0,6
10,poliça,1,1,0
10,pom pom squad,1,0,1
10,roosevelt,5,0,5
10,sleigh bells,1,0,1
10,superchunk,1,0,1
10,the lumineers,2,2,0
10,wednesday,1,0,1
10,wednesday,1,1,0
10,widowspeak,1,1,0
10,widowspeak,3,0,3
10,yu su,1,0,1
11,!!!,1,1,0
11,!!!,1,0,1
11,altın gün,1,0,1
11,altın gün,1,1,0
11,arlo parks,2,2,0
11,arlo parks,10,0,10
11,barbi recanati,1,1,0
11,built to spill,1,0,1
11,built to spill,2,2,0
11,charlotte adigéry and bolis pupul,7,0,7
11,chvrches,1,0,1
11,courtney barnett,1,1,0
11,courtney barnett,5,0,5
11,curtis harding,1,0,1
11,dakhabrakha,2,0,2
11,deep sea diver,1,0,1
11,dehd,4,0,4
11,denzel curry,2,0,2
11,georgia anne muldrow,1,1,0
11,hurray for the riff raff,2,2,0
11,hurray for the riff raff,6,0,6
11,indigo de souza,1,0,1
11,jason isbell,1,0,1
11,jungle,1,1,0
11,jungle,3,0,3
11,kaina,2,0,2
11,king gizzard and the lizard wizard,2,0,2
11,lady wray,8,0,8
11,lucius,3,0,3
11,nilüfer yanya,2,2,0
11,nilüfer yanya,16,0,16
11,poliça,1,0,1
11,pom pom squad,1,0,1
11,roosevelt,1,0,1
11,shaina shepherd,1,0,1
11,sleigh bells,1,0,1
11,sleigh bells,1,1,0
11,superchunk,6,0,6
11,wednesday,1,1,0
11,wednesday,2,0,2
11,widowspeak,3,0,3
11,ólafur arnalds,1,1,0
12,!!!,1,1,0
12,altın gün,1,0,1
12,altın gün,4,4,0
12,arlo parks,5,5,0
12,arlo parks,12,0,12
12,built to spill,2,2,0
12,built to spill,4,0,4
12,calexico,1,0,1
12,charlotte adigéry and bolis pupul,5,0,5
12,courtney barnett,1,0,1
12,crumb,1,0,1
12,curtis harding,1,1,0
12,dakhabrakha,1,0,1
12,deep sea diver,1,1,0
12,dehd,5,0,5
12,denzel curry,1,1,0
12,denzel curry,4,0,4
12,el shirota,1,1,0
12,garage a trois,4,0,4
12,hurray for the riff raff,2,0,2
12,illuminati hotties,1,1,0
12,indigo de souza,1,0,1
12,indigo de souza,2,2,0
12,jungle,3,3,0
12,kaina,1,1,0
12,king gizzard and the lizard wizard,2,2,0
12,lady wray,2,2,0
12,lady wray,3,0,3
12,livt,1,0,1
12,lucius,1,0,1
12,nils frahm,1,0,1
12,nilüfer yanya,12,0,12
12,poliça,2,0,2
12,rochelle jordan,1,0,1
12,roosevelt,1,1,0
12,rvg,1,1,0
12,shaina shepherd,1,1,0
12,sleigh bells,1,1,0
12,superchunk,2,0,2
12,the black angels,1,0,1
12,the black angels,2,2,0
12,wednesday,1,1,0
12,widowspeak,1,1,0
12,widowspeak,2,0,2
13,aeon station,1,1,0
13,altın gün,1,0,1
13,altın gün,4,4,0
13,arlo parks,6,0,6
13,arlo parks,6,6,0
13,barbi recanati,1,0,1
13,built to spill,5,0,5
13,built to spill,7,7,0
13,charlotte adigéry and bolis pupul,1,1,0
13,charlotte adigéry and bolis pupul,2,0,2
13,chvrches,1,1,0
13,courtney barnett,3,0,3
13,crumb,1,0,1
13,curtis harding,1,1,0
13,curtis harding,1,0,1
13,deep sea diver,2,2,0
13,dehd,6,0,6
13,denzel curry,1,1,0
13,denzel curry,11,0,11
13,el shirota,1,1,0
13,hand habits,2,2,0
13,hurray for the riff raff,1,1,0
13,hurray for the riff raff,9,0,9
13,illuminati hotties,2,0,2
13,indigo de souza,3,3,0
13,indigo de souza,5,0,5
13,jungle,7,7,0
13,kaina,3,0,3
13,king gizzard and the lizard wizard,4,0,4
13,lady wray,8,0,8
13,lucius,2,0,2
13,nada surf,1,0,1
13,nada surf,1,1,0
13,nilüfer yanya,11,0,11
13,rell be free,1,0,1
13,rell be free,1,1,0
13,roosevelt,1,0,1
13,rvg,1,0,1
13,rvg,2,2,0
13,shaina shepherd,1,1,0
13,sleigh bells,1,0,1
13,sleigh bells,2,2,0
13,superchunk,2,0,2
13,the black angels,3,3,0
13,wednesday,2,2,0
13,widowspeak,1,1,0
13,widowspeak,2,0,2
13,ólafur arnalds,1,0,1
14,!!!,1,0,1
14,altın gün,9,9,0
14,arlo parks,1,0,1
14,arlo parks,3,3,0
14,built to spill,2,0,2
14,built to spill,3,3,0
14,calexico,1,0,1
14,charlotte adigéry and bolis pupul,5,0,5
14,courtney barnett,1,0,1
14,courtney barnett,1,1,0
14,crumb,6,0,6
14,dakhabrakha,1,0,1
14,deep sea diver,1,1,0
14,deep sea diver,2,0,2
14,dehd,4,0,4
14,denzel curry,1,1,0
14,denzel curry,13,0,13
14,el shirota,1,1,0
14,hand habits,1,1,0
14,hurray for the riff raff,1,1,0
14,hurray for the riff raff,4,0,4
14,illuminati hotties,5,0,5
14,indigo de souza,1,0,1
14,indigo de souza,3,3,0
14,jungle,2,0,2
14,kaina,1,0,1
14,king gizzard and the lizard wizard,4,0,4
14,king gizzard and the lizard wizard,7,7,0
14,lady wray,3,0,3
14,lucius,3,0,3
14,nada surf,1,0,1
14,nada surf,2,2,0
14,nils frahm,1,1,0
14,nilüfer yanya,7,0,7
14,poliça,3,0,3
14,rell be free,1,0,1
14,roosevelt,1,0,1
14,sleigh bells,1,1,0
14,superchunk,7,0,7
14,the lumineers,1,0,1
14,the lumineers,2,2,0
14,tokyo police club,1,1,0
14,wednesday,1,0,1
14,wednesday,5,5,0
14,widowspeak,2,0,2
15,!!!,1,0,1
15,altın gün,5,0,5
15,altın gün,6,6,0
15,arlo parks,1,0,1
15,arlo parks,6,6,0
15,built to spill,1,1,0
15,built to spill,8,0,8
15,calexico,3,0,3
15,charlotte adigéry and bolis pupul,1,1,0
15,charlotte adigéry and bolis pupul,5,0,5
15,chvrches,1,1,0
15,courtney barnett,2,2,0
15,curtis harding,1,1,0
15,dakhabrakha,1,0,1
15,deep sea diver,1,1,0
15,deep sea diver,8,0,8
15,dehd,1,1,0
15,dehd,5,0,5
15,denzel curry,8,0,8
15,drive‐by truckers,1,0,1
15,georgia anne muldrow,1,1,0
15,hand habits,1,0,1
15,hurray for the riff raff,4,0,4
15,indigo de souza,1,1,0
15,indigo de souza,1,0,1
15,jungle,2,2,0
15,jungle,3,0,3
15,kaina,3,0,3
15,king gizzard and the lizard wizard,2,2,0
15,king gizzard and the lizard wizard,4,0,4
15,lady wray,2,2,0
15,nada surf,1,1,0
15,nilüfer yanya,1,1,0
15,nilüfer yanya,6,0,6
15,poliça,5,0,5
15,roosevelt,3,0,3
15,shaina shepherd,1,0,1
15,sleigh bells,2,2,0
15,superchunk,1,0,1
15,the black angels,1,1,0
15,the black angels,2,0,2
15,the lumineers,5,0,5
15,wednesday,1,0,1
15,wednesday,9,9,0
15,ólafur arnalds,1,0,1
16,!!!,2,0,2
16,aeon station,1,0,1
16,altın gün,5,5,0
16,arlo parks,2,0,2
16,arlo parks,4,4,0
16,built to spill,1,1,0
16,built to spill,5,0,5
16,calexico,1,0,1
16,charlotte adigéry and bolis pupul,5,0,5
16,chvrches,5,0,5
16,courtney barnett,2,2,0
16,crumb,1,1,0
16,curtis harding,1,0,1
16,dakhabrakha,1,0,1
16,deep sea diver,1,1,0
16,deep sea diver,1,0,1
16,dehd,3,0,3
16,denzel curry,10,0,10
16,georgia anne muldrow,1,1,0
16,hurray for the riff raff,1,1,0
16,hurray for the riff raff,2,0,2
16,indigo de souza,3,3,0
16,jason isbell,1,1,0
16,jungle,1,0,1
16,kaina,1,0,1
16,king gizzard and the lizard wizard,3,3,0
16,king gizzard and the lizard wizard,5,0,5
16,lady wray,1,0,1
16,livt,1,0,1
16,lucius,2,0,2
16,nilufer yanya,1,1,0
16,nilüfer yanya,7,0,7
16,poliça,2,0,2
16,rell be free,2,0,2
16,rochelle jordan,1,1,0
16,shaina shepherd,1,0,1
16,sleigh bells,1,1,0
16,sleigh bells,2,0,2
16,superchunk,1,1,0
16,the black angels,1,0,1
16,the halluci nation,1,0,1
16,the lumineers,1,1,0
16,wednesday,1,0,1
16,wednesday,8,8,0
16,yu su,1,1,0
17,aeon station,4,0,4
17,altın gün,4,4,0
17,arlo parks,1,0,1
17,arlo parks,5,5,0
17,barbi recanati,1,0,1
17,barbi recanati,1,1,0
17,built to spill,2,2,0
17,built to spill,3,0,3
17,charlotte adigéry and bolis pupul,2,2,0
17,charlotte adigéry and bolis pupul,3,0,3
17,courtney barnett,2,2,0
17,crumb,1,0,1
17,crumb,2,2,0
17,curtis harding,1,1,0
17,curtis harding,2,0,2
17,dakhabrakha,1,0,1
17,deep sea diver,1,1,0
17,deep sea diver,1,0,1
17,dehd,1,1,0
17,dehd,5,0,5
17,denzel curry,6,0,6
17,el shirota,1,1,0
17,georgia anne muldrow,1,0,1
17,hurray for the riff raff,1,1,0
17,hurray for the riff raff,2,0,2
17,indigo de souza,1,0,1
17,indigo de souza,4,4,0
17,jungle,1,1,0
17,jungle,2,0,2
17,kaina,1,0,1
17,king gizzard and the lizard wizard,8,0,8
17,lady wray,2,0,2
17,lady wray,2,2,0
17,lucius,2,0,2
17,nada surf,2,2,0
17,nada surf,3,0,3
17,nils frahm,1,0,1
17,nilüfer yanya,3,3,0
17,nilüfer yanya,5,0,5
17,poliça,5,0,5
17,pom pom squad,1,1,0
17,rell be free,3,0,3
17,rvg,1,1,0
17,sleigh bells,3,0,3
17,superchunk,1,0,1
17,the black angels,1,1,0
17,the lumineers,4,0,4
17,ty segall and freedom band,4,0,4
17,wednesday,5,0,5
17,wednesday,5,5,0
17,widowspeak,2,0,2
18,!!!,2,0,2
18,altın gün,4,4,0
18,arlo parks,5,5,0
18,built to spill,2,0,2
18,calexico,1,0,1
18,charlotte adigéry and bolis pupul,1,0,1
18,courtney barnett,1,0,1
18,courtney barnett,1,1,0
18,crumb,1,1,0
18,curtis harding,1,0,1
18,deep sea diver,1,1,0
18,deep sea diver,5,0,5
18,dehd,8,0,8
18,denzel curry,1,1,0
18,denzel curry,6,0,6
18,el shirota,1,1,0
18,hurray for the riff raff,1,1,0
18,hurray for the riff raff,3,0,3
18,illuminati hotties,1,1,0
18,indigo de souza,7,7,0
18,jazzmeia horn,3,0,3
18,jungle,1,0,1
18,king gizzard and the lizard wizard,8,0,8
18,lady wray,1,1,0
18,lady wray,1,0,1
18,livt,2,0,2
18,lucius,1,1,0
18,nilüfer yanya,3,0,3
18,poliça,1,0,1
18,poliça,1,1,0
18,pom pom squad,4,0,4
18,sen morimoto,2,2,0
18,shaina shepherd,1,0,1
18,sleigh bells,1,0,1
18,sleigh bells,1,1,0
18,superchunk,1,1,0
18,superchunk,1,0,1
18,wednesday,6,6,0
18,ya tseen,1,0,1
18,yu su,2,0,2
18,yu su,3,3,0
19,!!!,1,1,0
19,!!!,8,0,8
19,altın gün,1,0,1
19,altın gün,4,4,0
19,arlo parks,6,6,0
19,barbi recanati,1,0,1
19,built to spill,1,1,0
19,built to spill,6,0,6
19,calexico,2,0,2
19,charlotte adigéry and bolis pupul,3,0,3
19,courtney barnett,1,0,1
19,courtney barnett,2,2,0
19,crumb,1,0,1
19,curtis harding,2,0,2
19,curtis harding,2,2,0
19,dakhabrakha,1,1,0
19,dakhabrakha,3,0,3
19,deep sea diver,2,2,0
19,deep sea diver,2,0,2
19,dehd,7,0,7
19,denzel curry,1,1,0
19,denzel curry,5,0,5
19,georgia anne muldrow,1,0,1
19,hand habits,4,0,4
19,indigo de souza,2,0,2
19,indigo de souza,4,4,0
19,jason isbell,1,0,1
19,jungle,1,1,0
19,jungle,1,0,1
19,king gizzard and the lizard wizard,1,0,1
19,king gizzard and the lizard wizard,5,5,0
19,lady wray,1,1,0
19,lady wray,1,0,1
19,livt,6,0,6
19,nada surf,1,1,0
19,nilüfer yanya,2,2,0
19,nilüfer yanya,2,0,2
19,poliça,4,0,4
19,pom pom squad,1,0,1
19,rvg,2,2,0
19,sen morimoto,1,0,1
19,sen morimoto,1,1,0
19,shaina shepherd,1,1,0
19,tokyo police club,1,0,1
19,wednesday,6,6,0
19,widowspeak,1,0,1
19,ólafur arnalds,1,1,0
19,ólafur arnalds,2,0,2
20,!!!,1,0,1
20,altın gün,6,6,0
20,arlo parks,2,2,0
20,arlo parks,3,0,3
20,barbi recanati,2,0,2
20,built to spill,2,2,0
20,built to spill,5,0,5
20,charlotte adigéry and bolis pupul,1,1,0
20,charlotte adigéry and bolis pupul,6,0,6
20,courtney barnett,1,0,1
20,courtney barnett,1,1,0
20,crumb,4,4,0
20,deep sea diver,2,2,0
20,dehd,1,1,0
20,dehd,4,0,4
20,denzel curry,1,1,0
20,denzel curry,8,0,8
20,drive‐by truckers,1,0,1
20,el shirota,1,1,0
20,georgia anne muldrow,1,1,0
20,hurray for the riff raff,1,0,1
20,illuminati hotties,1,0,1
20,indigo de souza,3,3,0
20,jason isbell,4,0,4
20,jungle,2,0,2
20,jungle,2,2,0
20,king gizzard and the lizard wizard,4,0,4
20,lady wray,1,0,1
20,lady wray,1,1,0
20,lucius,1,1,0
20,lucius,1,0,1
20,nada surf,2,2,0
20,nilüfer yanya,4,0,4
20,poliça,1,0,1
20,pom pom squad,1,1,0
20,pom pom squad,1,0,1
20,rvg,1,1,0
20,superchunk,1,0,1
20,the black angels,1,1,0
20,the black angels,2,0,2
20,wednesday,5,5,0
20,yu su,1,1,0
21,altın gün,6,6,0
21,arlo parks,3,0,3
21,arlo parks,8,8,0
21,barbi recanati,6,0,6
21,bnny,4,0,4
21,built to spill,2,2,0
21,built to spill,4,0,4
21,charlotte adigéry and bolis pupul,2,0,2
21,courtney barnett,1,0,1
21,courtney barnett,1,1,0
21,crumb,1,1,0
21,curtis harding,1,0,1
21,da qween,4,0,4
21,deep sea diver,2,0,2
21,dehd,8,0,8
21,denzel curry,2,0,2
21,hurray for the riff raff,1,1,0
21,indigo de souza,3,3,0
21,jason isbell,1,0,1
21,jungle,4,0,4
21,jungle,7,7,0
21,king gizzard and the lizard wizard,2,2,0
21,king gizzard and the lizard wizard,6,0,6
21,lady wray,1,0,1
21,lady wray,2,2,0
21,livt,1,1,0
21,livt,1,0,1
21,lucius,1,0,1
21,nada surf,2,0,2
21,nilüfer yanya,1,1,0
21,nilüfer yanya,5,0,5
21,poliça,1,1,0
21,pom pom squad,1,0,1
21,rell be free,2,0,2
21,rochelle jordan,1,1,0
21,roosevelt,3,3,0
21,rvg,1,1,0
21,shaina shepherd,1,1,0
21,sleigh bells,1,0,1
21,sleigh bells,2,2,0
21,the black angels,2,2,0
21,the halluci nation,1,0,1
21,wednesday,1,0,1
21,wednesday,4,4,0
21,widowspeak,2,0,2
22,!!!,1,1,0
22,altın gün,1,0,1
22,altın gün,6,6,0
22,arlo parks,2,0,2
22,arlo parks,8,8,0
22,bnny,1,0,1
22,built to spill,6,0,6
22,calexico,5,0,5
22,charlotte adigéry and bolis pupul,1,0,1
22,courtney barnett,2,2,0
22,courtney barnett,6,0,6
22,crumb,1,1,0
22,curtis harding,1,0,1
22,dakhabrakha,1,0,1
22,deep sea diver,3,0,3
22,dehd,9,0,9
22,denzel curry,3,0,3
22,drive‐by truckers,1,0,1
22,georgia anne muldrow,1,1,0
22,georgia anne muldrow,2,0,2
22,hand habits,1,0,1
22,hurray for the riff raff,1,0,1
22,illuminati hotties,4,0,4
22,indigo de souza,1,0,1
22,indigo de souza,2,2,0
22,jason isbell,2,0,2
22,jungle,8,8,0
22,jungle,13,0,13
22,king gizzard and the lizard wizard,2,2,0
22,king gizzard and the lizard wizard,6,0,6
22,lady wray,1,1,0
22,nada surf,1,1,0
22,nada surf,1,0,1
22,nils frahm,1,1,0
22,nilüfer yanya,4,0,4
22,poliça,4,0,4
22,pom pom squad,1,0,1
22,rochelle jordan,4,0,4
22,roosevelt,4,4,0
22,rvg,2,2,0
22,sleigh bells,1,1,0
22,superchunk,1,1,0
22,the black angels,1,1,0
22,wednesday,1,0,1
22,wednesday,5,5,0
22,widowspeak,1,0,1
22,ólafur arnalds,1,0,1
23,!!!,1,0,1
23,altın gün,1,1,0
23,arlo parks,6,6,0
23,arlo parks,7,0,7
23,barbi recanati,1,0,1
23,built to spill,1,1,0
23,built to spill,7,0,7
23,calexico,2,0,2
23,charlotte adigéry and bolis pupul,1,0,1
23,curtis harding,1,1,0
23,curtis harding,1,0,1
23,da qween,1,1,0
23,deep sea diver,1,1,0
23,dehd,3,0,3
23,denzel curry,1,0,1
23,drive‐by truckers,1,0,1
23,drive‐by truckers,1,1,0
23,el shirota,1,1,0
23,georgia anne muldrow,1,1,0
23,indigo de souza,3,3,0
23,jason isbell,1,1,0
23,jungle,5,5,0
23,jungle,15,0,15
23,king gizzard and the lizard wizard,5,5,0
23,king gizzard and the lizard wizard,6,0,6
23,lady wray,3,3,0
23,nada surf,1,1,0
23,nilüfer yanya,1,0,1
23,pom pom squad,1,0,1
23,rochelle jordan,4,0,4
23,roosevelt,1,1,0
23,rvg,1,1,0
23,sleigh bells,1,0,1
23,sleigh bells,1,1,0
23,superchunk,2,0,2
23,the black angels,1,0,1
23,wednesday,4,4,0
23,ólafur arnalds,4,0,4
24,!!!,1,0,1
24,altın gün,1,0,1
24,arlo parks,11,11,0
24,barbi recanati,1,1,0
24,barbi recanati,4,0,4
24,built to spill,2,2,0
24,built to spill,2,0,2
24,charlotte adigéry and bolis pupul,1,1,0
24,charlotte adigéry and bolis pupul,2,0,2
24,courtney barnett,2,2,0
24,curtis harding,2,0,2
24,deep sea diver,1,1,0
24,deep sea diver,3,0,3
24,dehd,1,1,0
24,dehd,5,0,5
24,el shirota,1,0,1
24,georgia anne muldrow,1,1,0
24,georgia anne muldrow,1,0,1
24,hand habits,1,1,0
24,hurray for the riff raff,3,0,3
24,indigo de souza,3,3,0
24,jungle,7,7,0
24,jungle,11,0,11
24,king gizzard and the lizard wizard,3,3,0
24,king gizzard and the lizard wizard,4,0,4
24,lady wray,1,1,0
24,lady wray,6,0,6
24,nada surf,1,1,0
24,nilüfer yanya,1,0,1
24,poliça,1,0,1
24,roosevelt,7,7,0
24,rvg,2,2,0
24,shaina shepherd,1,1,0
24,the black angels,1,1,0
24,the black angels,3,0,3
24,wednesday,2,2,0
24,widowspeak,1,0,1
25,altın gün,1,1,0
25,arlo parks,1,0,1
25,arlo parks,8,8,0
25,barbi recanati,1,1,0
25,built to spill,11,0,11
25,charlotte adigéry and bolis pupul,1,0,1
25,courtney barnett,1,0,1
25,courtney barnett,2,2,0
25,curtis harding,1,1,0
25,da qween,1,1,0
25,dakhabrakha,1,0,1
25,dakhabrakha,1,1,0
25,deep sea diver,1,1,0
25,dehd,1,0,1
25,dehd,2,2,0
25,drive‐by truckers,1,0,1
25,georgia anne muldrow,1,1,0
25,georgia anne muldrow,1,0,1
25,hand habits,3,3,0
25,hurray for the riff raff,1,1,0
25,hurray for the riff raff,5,0,5
25,indigo de souza,1,1,0
25,jungle,1,1,0
25,jungle,5,0,5
25,king gizzard and the lizard wizard,1,0,1
25,king gizzard and the lizard wizard,3,3,0
25,lady wray,1,0,1
25,livt,1,1,0
25,nada surf,1,1,0
25,nilüfer yanya,2,2,0
25,nilüfer yanya,2,0,2
25,poliça,1,0,1
25,pom pom squad,1,1,0
25,roosevelt,7,7,0
25,rvg,1,1,0
25,shaina shepherd,1,0,1
25,sleigh bells,1,0,1
25,the black angels,1,1,0
25,widowspeak,1,1,0
26,altın gün,2,2,0
26,arlo parks,6,6,0
26,built to spill,6,6,0
26,built to spill,7,0,7
26,calexico,1,0,1
26,charlotte adigéry and bolis pupul,1,1,0
26,charlotte adigéry and bolis pupul,2,0,2
26,courtney barnett,1,1,0
26,crumb,2,2,0
26,curtis harding,1,0,1
26,deep sea diver,1,0,1
26,deep sea diver,2,2,0
26,dehd,4,0,4
26,drive‐by truckers,1,0,1
26,el shirota,1,0,1
26,georgia anne muldrow,2,2,0
26,hand habits,5,5,0
26,indigo de souza,1,0,1
26,indigo de souza,1,1,0
26,jungle,3,3,0
26,jungle,5,0,5
26,kaina,4,4,0
26,king gizzard and the lizard wizard,4,0,4
26,king gizzard and the lizard wizard,5,5,0
26,lady wray,1,0,1
26,lady wray,1,1,0
26,livt,1,1,0
26,nada surf,1,0,1
26,nilüfer yanya,1,0,1
26,nilüfer yanya,1,1,0
26,poliça,1,0,1
26,pom pom squad,1,0,1
26,rochelle jordan,1,1,0
26,rochelle jordan,1,0,1
26,roosevelt,1,0,1
26,roosevelt,6,6,0
26,rvg,1,1,0
26,sen morimoto,2,2,0
26,shaina shepherd,1,0,1
26,sleigh bells,1,0,1
26,sleigh bells,2,2,0
26,superchunk,4,0,4
26,the black angels,1,1,0
26,tokyo police club,1,0,1
26,wednesday,4,4,0
26,widowspeak,2,0,2
27,!!!,5,0,5
27,aeon station,1,1,0
27,altın gün,3,3,0
27,arlo parks,7,7,0
27,barbi recanati,1,0,1
27,built to spill,2,2,0
27,built to spill,7,0,7
27,charlotte adigéry and bolis pupul,1,0,1
27,chvrches,1,0,1
27,courtney barnett,2,2,0
27,courtney barnett,5,0,5
27,curtis harding,1,1,0
27,curtis harding,1,0,1
27,dehd,1,1,0
27,dehd,5,0,5
27,denzel curry,2,0,2
27,denzel curry,3,3,0
27,hand habits,2,2,0
27,hurray for the riff raff,1,1,0
27,indigo de souza,1,1,0
27,indigo de souza,4,0,4
27,jason isbell,1,0,1
27,jungle,5,5,0
27,jungle,10,0,10
27,kaina,1,0,1
27,king gizzard and the lizard wizard,3,3,0
27,lady wray,1,1,0
27,livt,2,0,2
27,lucius,3,0,3
27,nada surf,1,0,1
27,nilüfer yanya,1,1,0
27,poliça,6,0,6
27,roosevelt,7,7,0
27,rvg,1,1,0
27,sleigh bells,1,1,0
27,sleigh bells,1,0,1
27,superchunk,1,0,1
27,superchunk,4,4,0
27,the black angels,5,0,5
27,the halluci nation,1,0,1
27,yu su,2,2,0
28,!!!,1,1,0
28,!!!,3,0,3
28,altın gün,2,2,0
28,arlo parks,8,8,0
28,barbi recanati,1,1,0
28,built to spill,2,0,2
28,built to spill,3,3,0
28,charlotte adigéry and bolis pupul,1,0,1
28,courtney barnett,2,2,0
28,curtis harding,1,0,1
28,deep sea diver,2,2,0
28,dehd,1,1,0
28,dehd,3,0,3
28,denzel curry,1,1,0
28,denzel curry,7,0,7
28,drive‐by truckers,1,0,1
28,georgia anne muldrow,1,0,1
28,georgia anne muldrow,1,1,0
28,hand habits,1,0,1
28,illuminati hotties,1,0,1
28,indigo de souza,1,1,0
28,jungle,5,5,0
28,jungle,9,0,9
28,kaina,3,0,3
28,king gizzard and the lizard wizard,2,0,2
28,king gizzard and the lizard wizard,2,2,0
28,nada surf,1,1,0
28,nilüfer yanya,1,1,0
28,pom pom squad,1,0,1
28,roosevelt,3,3,0
28,rvg,1,1,0
28,superchunk,1,0,1
28,superchunk,1,1,0
28,the black angels,1,1,0
28,the black angels,3,0,3
28,the lumineers,1,0,1
28,wednesday,3,3,0
28,yu su,1,1,0
28,ólafur arnalds,1,0,1
28,ólafur arnalds,2,2,0
29,!!!,1,1,0
29,!!!,4,0,4
29,altın gün,1,0,1
29,altın gün,1,1,0
29,arlo parks,1,0,1
29,arlo parks,6,6,0
29,barbi recanati,1,1,0
29,barbi recanati,1,0,1
29,built to spill,4,4,0
29,built to spill,9,0,9
29,charlotte adigéry and bolis pupul,1,1,0
29,chvrches,1,1,0
29,courtney barnett,1,0,1
29,courtney barnett,1,1,0
29,crumb,1,0,1
29,crumb,1,1,0
29,dakhabrakha,3,0,3
29,deep sea diver,2,2,0
29,deep sea diver,2,0,2
29,dehd,2,0,2
29,drive‐by truckers,1,0,1
29,indigo de souza,1,1,0
29,indigo de souza,2,0,2
29,jungle,2,2,0
29,jungle,6,0,6
29,king gizzard and the lizard wizard,1,1,0
29,lady wray,1,1,0
29,lucius,1,0,1
29,nada surf,5,0,5
29,nilüfer yanya,1,1,0
29,nilüfer yanya,1,0,1
29,poliça,1,1,0
29,pom pom squad,1,1,0
29,roosevelt,2,2,0
29,rvg,1,1,0
29,the black angels,1,0,1
29,wednesday,1,1,0
29,ólafur arnalds,1,0,1
30,!!!,1,0,1
30,!!!,1,1,0
30,altın gün,1,1,0
30,altın gün,5,0,5
30,arlo parks,5,5,0
30,built to spill,2,2,0
30,built to spill,8,0,8
30,courtney barnett,1,0,1
30,curtis harding,1,1,0
30,curtis harding,1,0,1
30,dakhabrakha,1,0,1
30,deep sea diver,1,1,0
30,deep sea diver,2,0,2
30,dehd,2,0,2
30,denzel curry,1,1,0
30,denzel curry,1,0,1
30,drive‐by truckers,1,0,1
30,hand habits,1,1,0
30,hurray for the riff raff,3,0,3
30,indigo de souza,1,1,0
30,jungle,4,0,4
30,jungle,4,4,0
30,king gizzard and the lizard wizard,1,1,0
30,king gizzard and the lizard wizard,4,0,4
30,lucius,4,0,4
30,nilüfer yanya,2,0,2
30,poliça,1,0,1
30,pom pom squad,2,0,2
30,roosevelt,4,4,0
30,sleigh bells,1,0,1
30,the black angels,1,1,0
30,the black angels,2,0,2
30,wednesday,2,0,2
30,wednesday,2,2,0
30,widowspeak,4,0,4
31,!!!,5,0,5
31,altın gün,3,0,3
31,arlo parks,1,0,1
31,built to spill,10,0,10
31,charlotte adigéry and bolis pupul,2,0,2
31,chvrches,1,1,0
31,courtney barnett,2,0,2
31,curtis harding,1,0,1
31,curtis harding,2,2,0
31,dakhabrakha,1,0,1
31,deep sea diver,6,0,6
31,dehd,2,0,2
31,hand habits,1,1,0
31,hurray for the riff raff,1,1,0
31,hurray for the riff raff,2,0,2
31,indigo de souza,1,0,1
31,jungle,1,0,1
31,jungle,4,4,0
31,king gizzard and the lizard wizard,3,0,3
31,lady wray,2,0,2
31,livt,4,0,4
31,lucius,1,0,1
31,nada surf,1,1,0
31,nilufer yanya,1,0,1
31,poliça,1,0,1
31,roosevelt,1,0,1
31,shaina shepherd,2,0,2
31,sleigh bells,2,0,2
31,sleigh bells,3,3,0
31,superchunk,1,0,1
31,the black angels,1,0,1
31,the lumineers,1,0,1
31,tokyo police club,1,0,1
31,wednesday,1,0,1
31,yu su,1,1,0
32,altın gün,1,1,0
32,arlo parks,2,2,0
32,arlo parks,4,0,4
32,built to spill,9,0,9
32,charlotte adigéry and bolis pupul,1,0,1
32,courtney barnett,1,0,1
32,courtney barnett,7,7,0
32,curtis harding,2,2,0
32,da qween,4,0,4
32,dakhabrakha,1,0,1
32,deep sea diver,1,0,1
32,deep sea diver,3,3,0
32,dehd,1,1,0
32,denzel curry,1,1,0
32,drive‐by truckers,1,0,1
32,georgia anne muldrow,2,2,0
32,indigo de souza,1,0,1
32,jungle,5,0,5
32,jungle,8,8,0
32,king gizzard and the lizard wizard,1,1,0
32,lady wray,1,0,1
32,lady wray,3,3,0
32,livt,5,0,5
32,lucius,1,1,0
32,lucius,1,0,1
32,nada surf,1,0,1
32,nilüfer yanya,1,1,0
32,nilüfer yanya,2,0,2
32,oh no nos,2,0,2
32,poliça,1,1,0
32,roosevelt,3,3,0
32,rvg,1,1,0
32,superchunk,3,0,3
32,the black angels,1,0,1
32,wednesday,1,0,1
32,widowspeak,1,0,1
32,yu su,1,1,0
33,!!!,1,0,1
33,altın gün,1,1,0
33,arlo parks,3,3,0
33,built to spill,4,4,0
33,built to spill,7,0,7
33,charlotte adigéry and bolis pupul,1,1,0
33,courtney barnett,4,4,0
33,curtis harding,2,2,0
33,curtis harding,2,0,2
33,deep sea diver,7,7,0
33,denzel curry,1,1,0
33,denzel curry,2,0,2
33,drive‐by truckers,2,0,2
33,el shirota,1,0,1
33,hand habits,1,0,1
33,jungle,2,0,2
33,jungle,10,10,0
33,king gizzard and the lizard wizard,1,0,1
33,king gizzard and the lizard wizard,1,1,0
33,livt,1,0,1
33,nada surf,1,1,0
33,nilüfer yanya,1,0,1
33,poliça,1,0,1
33,pom pom squad,1,0,1
33,rochelle jordan,1,1,0
33,roosevelt,5,5,0
33,shaina shepherd,1,0,1
33,sleigh bells,1,0,1
33,sleigh bells,2,2,0
33,the black angels,3,0,3
33,wednesday,1,1,0
33,wednesday,4,0,4
33,wesnesday,1,0,1
33,widowspeak,1,1,0
34,!!!,1,1,0
34,aeon station,4,0,4
34,arlo parks,3,3,0
34,barbi recanati,2,0,2
34,built to spill,3,0,3
34,built to spill,3,3,0
34,chvrches,1,1,0
34,courtney barnett,1,0,1
34,courtney barnett,3,3,0
34,curtis harding,4,0,4
34,dakhabrakha,1,1,0
34,deep sea diver,1,1,0
34,dehd,1,0,1
34,denzel curry,1,0,1
34,georgia anne muldrow,1,1,0
34,jungle,2,0,2
34,jungle,15,15,0
34,king gizzard and the lizard wizard,1,1,0
34,livt,1,1,0
34,lucius,1,0,1
34,nada surf,1,1,0
34,nilüfer yanya,1,1,0
34,nilüfer yanya,1,0,1
34,rell be free,1,1,0
34,roosevelt,4,4,0
34,sleigh bells,1,1,0
34,superchunk,2,2,0
34,the black angels,3,0,3
34,wednesday,2,2,0
34,yu su,3,3,0
35,!!!,1,0,1
35,altın gün,3,0,3
35,arlo parks,1,1,0
35,arlo parks,3,0,3
35,barbi recanati,1,0,1
35,built to spill,1,1,0
35,built to spill,5,0,5
35,courtney barnett,2,2,0
35,curtis harding,1,0,1
35,curtis harding,2,2,0
35,deep sea diver,2,2,0
35,deep sea diver,6,0,6
35,dehd,1,1,0
35,denzel curry,1,0,1
35,denzel curry,2,2,0
35,drive‐by truckers,1,0,1
35,georgia anne muldrow,1,1,0
35,hand habits,1,0,1
35,jungle,2,0,2
35,jungle,7,7,0
35,king gizzard and the lizard wizard,2,0,2
35,king gizzard and the lizard wizard,2,2,0
35,lady wray,1,1,0
35,lady wray,3,0,3
35,livt,1,1,0
35,livt,1,0,1
35,nada surf,1,1,0
35,nada surf,2,0,2
35,nilufer yanya,1,0,1
35,nilüfer yanya,1,1,0
35,pom pom squad,4,0,4
35,roosevelt,2,2,0
35,sleigh bells,1,1,0
35,superchunk,1,1,0
35,the black angels,1,1,0
35,the black angels,2,0,2
35,wednesday,2,2,0
35,yu su,1,1,0
36,!!!,1,0,1
36,!!!,1,1,0
36,altın gün,2,0,2
36,arlo parks,4,0,4
36,arlo parks,5,5,0
36,barbi recanati,1,0,1
36,built to spill,1,1,0
36,built to spill,9,0,9
36,charlotte adigéry and bolis pupul,2,0,2
36,courtney barnett,2,0,2
36,courtney barnett,2,2,0
36,crumb,4,0,4
36,curtis harding,1,1,0
36,curtis harding,1,0,1
36,da qween,1,1,0
36,da qween,1,0,1
36,deep sea diver,1,0,1
36,deep sea diver,1,1,0
36,dehd,6,0,6
36,denzel curry,1,1,0
36,denzel curry,2,0,2
36,el shirota,1,1,0
36,hand habits,1,0,1
36,hurray for the riff raff,2,0,2
36,illuminati hotties,1,1,0
36,jungle,3,0,3
36,jungle,8,8,0
36,king gizzard and the lizard wizard,2,2,0
36,king gizzard and the lizard wizard,3,0,3
36,lady wray,1,0,1
36,lady wray,1,1,0
36,livt,1,0,1
36,nilüfer yanya,1,0,1
36,rochelle jordan,1,1,0
36,roosevelt,4,4,0
36,shaina shepherd,1,1,0
36,sleigh bells,1,1,0
36,sleigh bells,1,0,1
36,the black angels,1,1,0
36,the black angels,4,0,4
36,the lumineers,1,0,1
36,ya tseen,1,0,1
37,!!!,7,0,7
37,altın gün,1,1,0
37,arlo parks,2,2,0
37,barbi recanati,2,0,2
37,built to spill,5,5,0
37,built to spill,9,0,9
37,chvrches,1,1,0
37,deep sea diver,1,0,1
37,deep sea diver,3,3,0
37,dehd,1,1,0
37,dehd,5,0,5
37,el shirota,1,1,0
37,jungle,2,0,2
37,jungle,19,19,0
37,king gizzard and the lizard wizard,1,1,0
37,king gizzard and the lizard wizard,3,0,3
37,livt,3,0,3
37,nada surf,2,2,0
37,nada surf,2,0,2
37,nilüfer yanya,1,1,0
37,poliça,1,0,1
37,roosevelt,5,5,0
37,sen morimoto,1,1,0
37,shaina shepherd,1,0,1
37,sleigh bells,1,1,0
37,the black angels,3,3,0
37,the black angels,6,0,6
37,wednesday,2,2,0
37,widowspeak,1,0,1
37,yu su,1,1,0
38,!!!,1,1,0
38,!!!,1,0,1
38,arlo parks,4,4,0
38,arlo parks,4,0,4
38,barbi recanati,1,1,0
38,barbi recanati,1,0,1
38,built to spill,6,0,6
38,calexico,2,0,2
38,chvrches,2,2,0
38,courtney barnett,1,1,0
38,courtney barnett,2,0,2
38,crumb,1,0,1
38,curtis harding,2,0,2
38,da qween,1,1,0
38,deep sea diver,1,1,0
38,deep sea diver,1,0,1
38,dehd,1,0,1
38,drive‐by truckers,1,0,1
38,el shirota,1,0,1
38,el shirota,3,3,0
38,georgia anne muldrow,1,0,1
38,hand habits,1,1,0
38,jungle,4,0,4
38,jungle,7,7,0
38,king gizzard and the lizard wizard,1,0,1
38,king gizzard and the lizard wizard,4,4,0
38,lady wray,1,0,1
38,lady wray,2,2,0
38,livt,2,0,2
38,nada surf,2,2,0
38,nilufer yanya,1,0,1
38,nilüfer yanya,1,1,0
38,nilüfer yanya,9,0,9
38,roosevelt,4,4,0
38,shaina shepherd,2,0,2
38,superchunk,1,0,1
38,superchunk,1,1,0
38,the black angels,2,0,2
38,the black angels,2,2,0
38,widowspeak,1,0,1
38,yu su,1,1,0
39,!!!,1,0,1
39,altın gün,1,0,1
39,arlo parks,2,2,0
39,barbi recanati,4,0,4
39,built to spill,2,2,0
39,built to spill,2,0,2
39,calexico,1,0,1
39,courtney barnett,4,0,4
39,crumb,1,1,0
39,crumb,2,0,2
39,curtis harding,1,1,0
39,deep sea diver,2,2,0
39,deep sea diver,3,0,3
39,dehd,1,1,0
39,dehd,2,0,2
39,georgia anne muldrow,2,0,2
39,illuminati hotties,1,1,0
39,jungle,5,5,0
39,king gizzard and the lizard wizard,1,0,1
39,king gizzard and the lizard wizard,2,2,0
39,lady wray,1,0,1
39,livt,1,0,1
39,nada surf,1,0,1
39,nilüfer yanya,1,1,0
39,nilüfer yanya,4,0,4
39,roosevelt,6,6,0
39,shaina shepherd,1,0,1
39,sleigh bells,1,0,1
39,superchunk,2,2,0
39,the black angels,4,0,4
39,widowspeak,1,1,0
39,ya tseen,1,1,0
40,altın gün,1,0,1
40,arlo parks,1,1,0
40,arlo parks,2,0,2
40,barbi recanati,1,0,1
40,built to spill,4,0,4
40,courtney barnett,2,2,0
40,crumb,1,1,0
40,deep sea diver,1,1,0
40,deep sea diver,2,0,2
40,dehd,1,0,1
40,el shirota,2,2,0
40,garage a trois,1,1,0
40,georgia anne muldrow,1,0,1
40,jungle,5,0,5
40,jungle,9,9,0
40,king gizzard and the lizard wizard,6,0,6
40,king gizzard and the lizard wizard,7,7,0
40,lady wray,1,0,1
40,livt,3,0,3
40,lucius,4,0,4
40,nilüfer yanya,3,0,3
40,pom pom squad,1,1,0
40,rochelle jordan,3,0,3
40,roosevelt,4,4,0
40,sleigh bells,1,1,0
40,the black angels,1,1,0
40,the black angels,2,0,2
40,tokyo police club,1,0,1
40,yu su,1,1,0
40,yu su,2,0,2
41,altın gün,2,2,0
41,arlo parks,2,0,2
41,arlo parks,3,3,0
41,built to spill,2,2,0
41,built to spill,3,0,3
41,chvrches,1,1,0
41,courtney barnett,1,1,0
41,curtis harding,1,0,1
41,dehd,1,0,1
41,jungle,5,5,0
41,king gizzard and the lizard wizard,2,0,2
41,king gizzard and the lizard wizard,8,8,0
41,lady wray,1,1,0
41,nilüfer yanya,4,0,4
41,roosevelt,2,2,0
41,sen morimoto,1,1,0
41,superchunk,2,2,0
41,the black angels,3,3,0
41,the black angels,3,0,3
41,the halluci nation,3,3,0
41,the halluci nation,8,0,8
41,wednesday,1,1,0
41,widowspeak,2,2,0
41,ya tseen,4,0,4
41,ya tseen,5,5,0
41,yu su,1,0,1
42,!!!,1,1,0
42,!!!,1,0,1
42,altın gün,2,2,0
42,arlo parks,3,0,3
42,barbi recanati,1,1,0
42,built to spill,2,2,0
42,built to spill,4,0,4
42,charlotte adigéry and bolis pupul,1,0,1
42,courtney barnett,1,0,1
42,courtney barnett,2,2,0
42,crumb,1,1,0
42,crumb,1,0,1
42,deep sea diver,2,0,2
42,deep sea diver,2,2,0
42,dehd,2,0,2
42,denzel curry,1,1,0
42,georgia anne muldrow,1,0,1
42,jason isbell,1,0,1
42,jungle,2,0,2
42,jungle,5,5,0
42,king gizzard and the lizard wizard,2,0,2
42,king gizzard and the lizard wizard,3,3,0
42,lady wray,2,0,2
42,livt,1,0,1
42,nada surf,1,1,0
42,nada surf,1,0,1
42,nilufer yanya,1,1,0
42,nilüfer yanya,1,1,0
42,poliça,1,0,1
42,rell be free,1,0,1
42,roosevelt,1,1,0
42,the black angels,1,0,1
42,yu su,1,1,0
42,yu su,5,0,5
43,!!!,2,0,2
43,altın gün,1,1,0
43,altın gün,2,0,2
43,arlo parks,1,1,0
43,built to spill,4,0,4
43,calexico,1,0,1
43,courtney barnett,1,0,1
43,curtis harding,1,0,1
43,deep sea diver,1,1,0
43,dehd,1,0,1
43,georgia anne muldrow,2,0,2
43,jungle,2,2,0
43,kaina,1,1,0
43,king gizzard and the lizard wizard,4,0,4
43,king gizzard and the lizard wizard,6,6,0
43,lady wray,1,1,0
43,livt,2,0,2
43,nilüfer yanya,1,1,0
43,nilüfer yanya,3,0,3
43,pom pom squad,1,1,0
43,rochelle jordan,1,1,0
43,rochelle jordan,5,0,5
43,roosevelt,3,3,0
43,sen morimoto,3,3,0
43,shaina shepherd,1,1,0
43,sleigh bells,1,1,0
43,sleigh bells,1,0,1
43,the black angels,2,0,2
43,the black angels,4,4,0
43,widowspeak,1,1,0
44,!!!,1,0,1
44,aeon station,1,0,1
44,altın gün,2,2,0
44,altın gün,7,0,7
44,built to spill,1,1,0
44,built to spill,5,0,5
44,calexico,1,0,1
44,charlotte adigéry and bolis pupul,1,1,0
44,chvrches,1,1,0
44,da qween,1,0,1
44,deep sea diver,1,1,0
44,deep sea diver,1,0,1
44,dehd,2,0,2
44,denzel curry,1,0,1
44,illuminati hotties,1,1,0
44,illuminati hotties,1,0,1
44,indigo de souza,1,0,1
44,jungle,2,0,2
44,jungle,4,4,0
44,king gizzard and the lizard wizard,5,0,5
44,king gizzard and the lizard wizard,7,7,0
44,lady wray,1,1,0
44,livt,6,0,6
44,nils frahm,1,0,1
44,nilüfer yanya,4,0,4
44,roosevelt,3,3,0
44,shaina shepherd,1,0,1
44,shaina shepherd,1,1,0
44,sleigh bells,1,1,0
44,superchunk,2,2,0
44,the black angels,1,1,0
44,the black angels,3,0,3
44,wednesday,1,1,0
44,yu su,1,1,0
44,ólafur arnalds,4,0,4
45,altın gün,2,2,0
45,altın gün,3,0,3
45,arlo parks,2,2,0
45,built to spill,1,0,1
45,built to spill,3,3,0
45,calexico,5,0,5
45,chvrches,2,2,0
45,courtney barnett,1,0,1
45,courtney barnett,2,2,0
45,denzel curry,1,1,0
45,el shirota,1,0,1
45,hurray for the riff raff,1,1,0
45,hurray for the riff raff,1,0,1
45,indigo de souza,1,1,0
45,jungle,1,0,1
45,jungle,2,2,0
45,king gizzard and the lizard wizard,4,0,4
45,king gizzard and the lizard wizard,7,7,0
45,lady wray,1,0,1
45,livt,2,0,2
45,nada surf,3,0,3
45,nilüfer yanya,1,1,0
45,nilüfer yanya,2,0,2
45,roosevelt,2,2,0
45,sen morimoto,2,2,0
45,shaina shepherd,2,2,0
45,sleigh bells,1,1,0
45,superchunk,1,0,1
45,the black angels,1,1,0
45,the black angels,1,0,1
45,the lumineers,1,0,1
45,wednesday,1,1,0
45,yu su,1,1,0
46,!!!,1,0,1
46,altın gün,3,0,3
46,altın gün,6,6,0
46,arlo parks,5,5,0
46,built to spill,3,0,3
46,curtis harding,1,0,1
46,curtis harding,1,1,0
46,dakhabrakha,1,0,1
46,deep sea diver,3,0,3
46,deep sea diver,5,5,0
46,dehd,1,1,0
46,el shirota,1,0,1
46,georgia anne muldrow,1,0,1
46,hurray for the riff raff,5,5,0
46,jungle,2,0,2
46,jungle,6,6,0
46,kaina,4,0,4
46,king gizzard and the lizard wizard,2,0,2
46,king gizzard and the lizard wizard,11,11,0
46,lady wray,1,1,0
46,lady wray,2,0,2
46,lucius,1,0,1
46,nilüfer yanya,2,0,2
46,rochelle jordan,1,1,0
46,sen morimoto,2,0,2
46,shaina shepherd,1,1,0
46,sleigh bells,1,0,1
46,sleigh bells,2,2,0
46,the black angels,1,1,0
46,the black angels,2,0,2
47,aeon station,1,1,0
47,altın gün,1,0,1
47,arlo parks,3,3,0
47,built to spill,4,0,4
47,built to spill,5,5,0
47,courtney barnett,1,0,1
47,crumb,1,0,1
47,curtis harding,1,1,0
47,curtis harding,2,0,2
47,deep sea diver,1,1,0
47,deep sea diver,2,0,2
47,dehd,2,2,0
47,hurray for the riff raff,2,2,0
47,jungle,1,0,1
47,jungle,5,5,0
47,kaina,1,0,1
47,king gizzard and the lizard wizard,2,0,2
47,king gizzard and the lizard wizard,5,5,0
47,lady wray,1,1,0
47,lady wray,2,0,2
47,livt,1,0,1
47,lucius,1,1,0
47,lucius,1,0,1
47,nada surf,1,0,1
47,nilüfer yanya,3,0,3
47,poliça,5,0,5
47,roosevelt,1,1,0
47,roosevelt,1,0,1
47,sen morimoto,1,1,0
47,superchunk,2,0,2
47,the black angels,3,0,3
47,the halluci nation,1,0,1
47,tokyo police club,1,0,1
47,wednesday,1,1,0
48,altın gün,1,0,1
48,altın gün,4,4,0
48,arlo parks,2,2,0
48,barbi recanati,2,0,2
48,built to spill,3,3,0
48,built to spill,13,0,13
48,charlotte adigéry and bolis pupul,4,0,4
48,chvrches,1,1,0
48,courtney barnett,1,1,0
48,courtney barnett,3,0,3
48,crumb,1,0,1
48,curtis harding,1,1,0
48,deep sea diver,1,1,0
48,dehd,1,1,0
48,georgia anne muldrow,1,0,1
48,georgia anne muldrow,2,2,0
48,hurray for the riff raff,1,0,1
48,hurray for the riff raff,5,5,0
48,indigo de souza,1,0,1
48,indigo de souza,1,1,0
48,jungle,3,0,3
48,jungle,4,4,0
48,kaina,1,1,0
48,king gizzard and the lizard wizard,3,0,3
48,king gizzard and the lizard wizard,6,6,0
48,nada surf,1,0,1
48,nilüfer yanya,1,0,1
48,poliça,1,1,0
48,shaina shepherd,1,0,1
48,sleigh bells,2,2,0
48,sotomayor,1,0,1
48,sotomayor,1,1,0
48,superchunk,1,0,1
48,the black angels,1,0,1
48,wednesday,1,1,0
48,ya tseen,1,1,0
48,yu su,1,1,0
49,!!!,1,0,1
49,altın gün,1,1,0
49,altın gün,4,0,4
49,arlo parks,1,0,1
49,arlo parks,9,9,0
49,built to spill,3,3,0
49,built to spill,4,0,4
49,charlotte adigéry and bolis pupul,1,0,1
49,charlotte adigéry and bolis pupul,1,1,0
49,crumb,1,1,0
49,dakhabrakha,1,0,1
49,deep sea diver,3,0,3
49,georgia anne muldrow,1,1,0
49,hurray for the riff raff,1,0,1
49,hurray for the riff raff,2,2,0
49,indigo de souza,1,0,1
49,indigo de souza,2,2,0
49,jungle,4,4,0
49,kaina,1,0,1
49,king gizzard and the lizard wizard,3,3,0
49,lady wray,1,1,0
49,livt,1,0,1
49,lucius,1,1,0
49,nada surf,1,0,1
49,nilüfer yanya,1,1,0
49,nilüfer yanya,4,0,4
49,pom pom squad,1,0,1
49,roosevelt,1,0,1
49,roosevelt,1,1,0
49,ty segall and freedom band,1,1,0
49,wednesday,3,3,0
49,widowspeak,5,0,5
49,ya tseen,1,1,0
49,yu su,1,1,0
50,altın gün,2,0,2
50,altın gün,4,4,0
50,arlo parks,3,3,0
50,barbi recanati,1,1,0
50,built to spill,1,1,0
50,built to spill,1,0,1
50,charlotte adigéry and bolis pupul,1,0,1
50,courtney barnett,1,1,0
50,curtis harding,1,1,0
50,deep sea diver,1,0,1
50,deep sea diver,2,2,0
50,dehd,1,0,1
50,denzel curry,1,1,0
50,denzel curry,1,0,1
50,el shirota,1,1,0
50,hurray for the riff raff,1,1,0
50,hurray for the riff raff,3,0,3
50,illuminati hotties,2,2,0
50,indigo de souza,2,2,0
50,jungle,1,0,1
50,jungle,5,5,0
50,kaina,1,0,1
50,king gizzard and the lizard wizard,6,6,0
50,king gizzard and the lizard wizard,8,0,8
50,lady wray,1,0,1
50,livt,1,1,0
50,lucius,1,1,0
50,lucius,1,0,1
50,nada surf,1,1,0
50,nilüfer yanya,1,0,1
50,nilüfer yanya,1,1,0
50,rell be free,4,0,4
50,sen morimoto,1,1,0
50,sleigh bells,2,2,0
50,the black angels,3,0,3
50,wednesday,4,4,0
50,widowspeak,1,1,0
51,!!!,3,3,0
51,altın gün,2,2,0
51,altın gün,3,0,3
51,arlo parks,3,0,3
51,arlo parks,5,5,0
51,built to spill,7,0,7
51,charlotte adigéry and bolis pupul,2,0,2
51,charlotte adigéry and bolis pupul,5,5,0
51,courtney barnett,1,0,1
51,courtney barnett,2,2,0
51,curtis harding,1,1,0
51,curtis harding,1,0,1
51,deep sea diver,4,0,4
51,deep sea diver,7,7,0
51,dehd,1,0,1
51,denzel curry,1,0,1
51,el shirota,1,0,1
51,hurray for the riff raff,1,0,1
51,hurray for the riff raff,1,1,0
51,indigo de souza,1,1,0
51,jungle,1,0,1
51,jungle,4,4,0
51,kaina,1,0,1
51,king gizzard and the lizard wizard,2,0,2
51,king gizzard and the lizard wizard,3,3,0
51,lady wray,1,0,1
51,nada surf,1,1,0
51,nilüfer yanya,3,0,3
51,poliça,1,0,1
51,roosevelt,1,0,1
51,roosevelt,1,1,0
51,sen morimoto,2,2,0
51,sleigh bells,1,1,0
51,sleigh bells,1,0,1
51,superchunk,1,0,1
51,the black angels,1,1,0
51,the black angels,3,0,3
52,!!!,1,0,1
52,aeon station,1,0,1
52,altın gün,1,1,0
52,altın gün,7,0,7
52,arlo parks,3,0,3
52,arlo parks,3,3,0
52,built to spill,3,0,3
52,built to spill,5,5,0
52,charlotte adigéry and bolis pupul,1,1,0
52,charlotte adigéry and bolis pupul,3,0,3
52,chvrches,1,0,1
52,courtney barnett,1,1,0
52,courtney barnett,3,0,3
52,crumb,1,1,0
52,crumb,2,0,2
52,curtis harding,2,2,0
52,curtis harding,6,0,6
52,deep sea diver,4,0,4
52,dehd,2,0,2
52,denzel curry,2,0,2
52,drive‐by truckers,1,0,1
52,georgia anne muldrow,1,0,1
52,hurray for the riff raff,2,0,2
52,hurray for the riff raff,2,2,0
52,illuminati hotties,2,0,2
52,indigo de souza,2,0,2
52,jungle,2,2,0
52,jungle,4,0,4
52,king gizzard and the lizard wizard,3,3,0
52,king gizzard and the lizard wizard,11,0,11
52,lady wray,3,0,3
52,livt,1,0,1
52,nada surf,1,1,0
52,nada surf,1,0,1
52,nils frahm,1,0,1
52,nilüfer yanya,6,0,6
52,rell be free,1,0,1
52,roosevelt,1,0,1
52,shaina shepherd,1,1,0
52,shaina shepherd,3,0,3
52,the black angels,3,0,3
52,widowspeak,1,0,1
52,yu su,1,0,1
52,ólafur arnalds,1,0,1
